-----
993016	0.000001	0.199496
374548	0.000004	0.107706
764056	0.000010	0.042156
747908	0.000021	0.012892
609266	0.000302	0.003034
251172	0.001854	0.000300
391665	0.007410	0.000190
188229	0.016248	0.000022
370744	0.239338	0.000001
73910	0.728444	0.000001
482109	0.984703	0.000011
197276	0.990034	0.000055
700514	0.991360	0.000074
875392	0.996888	0.000362
450622	0.999487	0.001131
525048	0.999865	0.002316
931456	0.999976	0.004275
174327	0.999986	0.007740
10406	0.999991	0.030514
858160	0.999994	0.076710
863388	0.999997	0.652995
522155	0.999997	0.946725
658968	0.999949	0.979375
262799	0.999916	0.987777
805352	0.999378	0.998567
225762	0.996784	0.999953
160558	0.981381	0.999991
699898	0.972979	0.999996
326003	0.546007	0.999999
459512	0.334290	0.999999
201346	0.063878	0.999994
54028	0.047769	0.999988
910200	0.001147	0.999896
54379	0.000344	0.999836
158373	0.000021	0.999306
411485	0.000007	0.932704
431146	0.000001	0.839626
-----
